,City,Country,Date,Cloudiness,Humidity,Lng,Lat,Wind Speed,Max Temp
0,Albany,US,1563567289,75,52,-73.75,42.65,8.05,93.99
1,Ushuaia,AR,1563567289,40,60,-68.31,-54.81,17.22,41.0
2,Ouango,CD,1563567289,100,98,22.55,4.31,2.82,69.43
3,Vao,EE,1563567290,19,94,26.19,59.1,3.13,56.29
4,Bay Roberts,CA,1563567290,40,43,-53.28,47.58,27.51,73.99
5,Mataura,NZ,1563567290,100,97,168.86,-46.19,3.0,45.0
6,Marawi,PH,1563567291,84,89,124.29,8.0,7.0,75.99
7,Esperance,AU,1563567291,90,100,121.89,-33.86,21.92,50.0
8,Najran,SA,1563567291,20,14,44.22,17.54,4.7,87.8
9,Ottawa,CA,1563567122,75,62,-75.69,45.42,12.75,91.99
10,Rikitea,PF,1563567291,96,64,-134.97,-23.12,15.08,67.09
11,Chuy,UY,1563566995,40,87,-53.46,-33.69,5.46,57.01
12,Tshela,CD,1563567292,45,93,12.94,-4.99,2.66,67.99
13,San Quintin,PH,1563567292,100,92,120.52,17.54,4.14,73.39
14,Nabire,ID,1563567292,71,98,135.5,-3.36,3.44,68.89
15,Atuona,PF,1563567008,100,71,-139.03,-9.8,10.6,80.05
16,Ca Mau,VN,1563567292,81,92,105.15,9.18,3.85,77.71
17,Arraial do Cabo,BR,1563567293,40,64,-42.02,-22.97,16.11,71.6
18,Severo-Kurilsk,RU,1563567293,100,99,156.12,50.68,2.93,47.29
19,Jamestown,AU,1563567293,0,46,138.6,-33.21,11.74,48.91
20,Lorengau,PG,1563567293,0,81,147.27,-2.02,9.19,80.77
21,Kaitangata,NZ,1563567293,100,88,169.85,-46.28,5.99,48.0
22,Herat,AF,1563567294,0,11,62.22,34.35,13.13,82.03
23,Luderitz,NA,1563567294,0,80,15.16,-26.65,27.94,58.09
24,Temiscaming,CA,1563567294,75,74,-79.1,46.72,12.75,84.99
25,Hermanus,ZA,1563567294,58,98,19.24,-34.42,18.54,50.0
26,Kapaa,US,1563567295,75,74,-159.32,22.08,9.24,82.4
27,Puerto Ayora,EC,1563567265,40,73,-90.35,-0.74,19.46,75.2
28,Villa Bruzual,VE,1563567295,70,74,-69.12,9.33,3.31,75.91
29,Zyryanka,RU,1563567295,77,60,150.89,65.73,11.48,48.01
30,Key West,US,1563567295,40,78,-96.78,47.93,5.82,82.0
31,Ilulissat,GL,1563567296,75,81,-51.1,69.22,6.93,48.2
32,Avarua,CK,1563567183,17,94,-159.78,-21.21,2.24,71.6
33,Kahuta,PK,1563567296,40,88,73.39,33.59,5.21,82.0
34,Lebu,ET,1563567296,99,95,38.73,8.96,1.72,54.13
35,San Patricio,PY,1563567296,45,91,-56.83,-26.98,4.63,66.01
36,Busselton,AU,1563567297,0,98,115.35,-33.64,28.41,43.0
37,Sao Miguel do Araguaia,BR,1563567297,6,30,-50.16,-13.28,3.69,85.09
38,Baruun-Urt,MN,1563567297,57,90,113.28,46.68,11.32,62.77
39,Bilibino,RU,1563567297,100,61,166.44,68.06,4.29,42.07
40,Dzhebariki-Khaya,RU,1563567298,31,67,135.8,62.22,1.25,48.01
41,Peniche,PT,1563567298,75,88,-9.38,39.36,11.41,68.0
42,Tuatapere,NZ,1563567298,100,97,167.69,-46.13,3.0,45.0
43,Chokurdakh,RU,1563567298,100,82,147.9,70.62,6.24,37.93
44,Bluff,AU,1563567299,0,72,149.07,-23.58,8.5,49.81
45,Buarcos,PT,1563567299,75,88,-8.88,40.16,11.41,66.0
46,Thinadhoo,MV,1563567299,41,77,72.93,0.53,16.31,83.11
47,Hualmay,PE,1563567299,0,83,-77.61,-11.1,10.92,62.05
48,Lasa,CY,1563567299,20,83,32.53,34.92,6.93,77.0
49,Lompoc,US,1563567300,90,68,-120.46,34.64,11.41,72.0
50,Punta Arenas,CL,1563567300,0,74,-70.91,-53.16,12.75,39.2
51,Poya,NC,1563567300,81,79,165.16,-21.35,10.36,66.73
52,Hobart,AU,1563567095,20,81,147.33,-42.88,12.75,43.0
53,Port-Gentil,GA,1563567300,75,94,8.78,-0.72,10.29,77.0
54,Nikolskoye,RU,1563567301,90,93,30.79,59.7,8.95,62.01
55,Hithadhoo,MV,1563567301,93,78,73.08,-0.6,16.87,82.93
56,Quatre Cocos,MU,1563567301,40,78,57.76,-20.21,18.34,71.6
57,Khatanga,RU,1563567302,86,57,102.47,71.98,6.73,58.27
58,Comodoro Rivadavia,AR,1563567302,20,40,-67.48,-45.87,26.4,51.8
59,Port Alfred,ZA,1563567302,74,75,26.89,-33.59,11.01,55.0
60,Sur,OM,1563567302,1,84,59.53,22.57,11.41,76.63
61,Tasiilaq,GL,1563567303,100,75,-37.64,65.61,9.17,46.4
62,Iquitos,PE,1563567303,40,78,-73.25,-3.75,3.36,82.4
63,Dunmore Town,BS,1563567303,16,73,-76.65,25.5,11.25,83.65
64,Plouzane,FR,1563567303,100,100,-4.62,48.38,17.22,66.2
65,Muros,ES,1563567290,20,73,-9.06,42.77,6.93,72.0
66,New Norfolk,AU,1563567304,20,81,147.06,-42.78,12.75,43.0
67,Saint-Georges,CA,1563567304,1,70,-70.67,46.12,7.0,82.99
68,Beloha,MG,1563567304,0,85,45.06,-25.17,4.32,63.13
69,Bredasdorp,ZA,1563567304,77,81,20.04,-34.53,8.05,48.2
70,Airai,TL,1563567305,0,87,125.41,-8.93,5.32,66.55
71,Upernavik,GL,1563567305,100,92,-56.15,72.79,11.95,44.23
72,Karasjok,NO,1563567305,0,67,25.52,69.47,16.11,62.6
73,Contamana,PE,1563567305,70,38,-75.01,-7.35,2.24,91.39
74,Pangody,RU,1563567306,71,62,74.49,65.85,8.34,75.01
75,Winneba,GH,1563567306,90,94,-0.62,5.35,12.75,77.0
76,Bethel,US,1563567057,90,93,-161.76,60.79,8.05,55.4
77,Sambava,MG,1563567306,0,91,50.17,-14.27,3.94,64.39
78,Sao Filipe,CV,1563567306,27,84,-24.5,14.9,14.29,75.73
79,Padang,ID,1563567307,100,80,100.36,-0.92,8.03,81.13
80,Talcahuano,CL,1563567307,75,81,-73.12,-36.72,9.17,53.6
81,Havre-Saint-Pierre,CA,1563567307,1,36,-63.6,50.23,8.05,77.0
82,Salalah,OM,1563567307,40,83,54.1,17.01,3.36,82.4
83,Barrow,AR,1563567308,100,50,-60.23,-38.31,14.23,50.89
84,Kiama,AU,1563567308,1,75,150.86,-34.67,13.87,46.4
85,Acapulco,MX,1563567308,75,66,-99.88,16.86,6.93,87.8
86,Saskylakh,RU,1563567308,92,46,114.09,71.97,12.35,58.81
87,Ponta do Sol,BR,1563567309,9,61,-46.0,-20.63,5.79,58.81
88,Sarab,IR,1563567309,0,32,44.99,38.61,4.23,59.35
89,Nemuro,JP,1563567309,100,97,145.57,43.32,12.46,58.09
90,Hasaki,JP,1563567309,75,100,140.83,35.73,4.7,75.2
91,Mikkeli,FI,1563567309,90,100,27.27,61.69,2.24,60.8
92,Yumen,CN,1563567310,0,31,97.04,40.29,2.08,72.31
93,Naryan-Mar,RU,1563567310,76,97,53.09,67.67,7.56,42.61
94,Benguela,AO,1563567310,40,83,13.4,-12.58,5.86,69.8
95,San,ML,1563567302,100,63,-4.9,13.3,3.15,82.75
96,Victoria,BN,1563567311,75,88,115.24,5.28,2.24,82.4
97,Qaqortoq,GL,1563567311,75,55,-46.03,60.72,9.17,62.6
98,Tucuman,PE,1563567311,0,18,-70.89,-17.17,8.1,68.35
99,Kahului,US,1563567311,90,100,-156.47,20.89,9.17,86.0
100,Husavik,CA,1563567311,0,31,-96.99,50.56,11.99,78.01
101,Sanary-sur-Mer,FR,1563567312,0,83,5.8,43.12,3.36,77.0
102,Georgetown,GY,1563567217,75,83,-58.16,6.8,11.41,82.4
103,Touros,BR,1563567312,75,83,-35.46,-5.2,8.05,78.8
104,Cidreira,BR,1563567312,8,77,-50.22,-30.17,7.02,62.95
105,Cayenne,GF,1563567312,92,79,-52.33,4.94,3.36,84.2
106,Charters Towers,AU,1563567313,0,86,146.27,-20.07,5.06,48.73
107,Thompson,CA,1563567313,75,60,-97.86,55.74,16.11,68.0
108,Bambous Virieux,MU,1563567313,40,78,57.76,-20.34,18.34,71.6
109,Vaini,IN,1563567314,100,90,74.49,15.34,2.66,77.35
110,Paamiut,GL,1563567314,100,89,-49.67,61.99,9.64,45.31
111,Qaanaaq,GL,1563567314,100,90,-69.36,77.48,3.91,39.19
112,Terre Haute,US,1563567115,1,66,-87.41,39.47,14.99,93.99
113,Kavieng,PG,1563567314,7,76,150.8,-2.57,10.49,83.29
114,Bonavista,CA,1563567315,24,61,-53.11,48.65,13.94,61.51
115,Komsomolskiy,RU,1563567315,9,92,63.78,67.55,10.22,57.01
116,Homer,US,1563567315,1,72,-151.54,59.64,8.05,66.99
117,Mushie,CD,1563567315,32,64,16.92,-3.02,3.47,76.63
118,Omsukchan,RU,1563567315,100,97,155.8,62.53,3.83,50.17
119,Banda Aceh,ID,1563567316,100,90,95.32,5.56,23.13,78.97
120,Carnarvon,ZA,1563567316,99,81,22.13,-30.97,16.75,40.27
121,Camocim,BR,1563567193,93,62,-40.84,-2.9,6.55,78.79
122,Casablanca,MA,1563567279,40,88,-7.62,33.6,11.41,73.4
123,Ancud,CL,1563567317,40,70,-73.83,-41.87,9.17,46.4
124,Provideniya,RU,1563567317,100,73,-173.23,64.42,7.02,56.65
125,Tiksi,RU,1563567317,95,67,128.87,71.64,5.19,44.05
126,Dikson,RU,1563567317,0,86,80.55,73.51,22.48,37.75
127,Taltal,CL,1563567317,0,52,-70.49,-25.41,3.11,63.31
128,Faanui,PF,1563567318,80,73,-151.75,-16.48,13.44,76.99
129,Victoria Point,AU,1563567318,0,81,153.3,-27.58,10.29,50.0
130,Yellowknife,CA,1563567318,75,45,-114.38,62.45,9.17,68.0
131,Castro,CL,1563567319,40,70,-73.76,-42.48,9.17,46.4
132,Hofn,IS,1563567319,75,82,-15.21,64.25,6.93,55.4
133,Butaritari,KI,1563567315,100,66,172.79,3.07,7.63,84.91
134,Dunedin,NZ,1563567209,100,95,170.5,-45.87,13.15,48.0
135,Hudson Bay,CA,1563567258,100,94,-102.4,52.86,6.35,57.55
136,Meulaboh,ID,1563567319,100,94,96.13,4.14,6.89,76.45
137,Saint-Pierre,FR,1563567243,0,44,4.24,48.95,2.24,75.2
138,Camacha,PT,1563567320,75,83,-16.33,33.08,16.11,71.6
139,Constanza,DO,1563567320,40,59,-70.74,18.91,16.11,89.6
140,Narsaq,GL,1563567320,75,55,-46.05,60.91,9.17,62.6
141,Mattru,SL,1563567320,100,94,-11.83,7.62,5.53,74.29
142,Mahebourg,MU,1563567321,40,78,57.7,-20.41,18.34,71.6
143,Klaksvik,FO,1563567321,75,93,-6.59,62.23,9.17,51.8
144,Muroto,JP,1563567321,100,95,134.14,33.37,4.32,73.21
145,Sitka,US,1563567321,0,28,-99.65,37.17,18.99,102.0
146,Varkaus,FI,1563567321,90,100,27.87,62.32,6.93,59.0
147,Dingle,PH,1563567322,67,81,122.67,11.0,2.15,73.21
148,Grand Gaube,MU,1563567322,40,78,57.66,-20.01,18.34,71.6
149,Juneau,US,1563567322,90,93,-134.42,58.3,13.87,59.0
150,Leningradskiy,RU,1563567322,100,81,178.42,69.38,7.61,37.75
151,Macau,BR,1563567323,95,64,-36.64,-5.11,15.64,81.85
152,Cape Town,ZA,1563567069,40,66,18.42,-33.93,13.87,52.0
153,Pevek,RU,1563567323,100,98,170.27,69.7,7.27,32.53
154,Henties Bay,NA,1563567323,0,85,14.28,-22.12,11.56,57.0
155,Te Anau,NZ,1563567323,100,88,167.72,-45.41,6.58,42.79
156,Baglung,NP,1563567324,0,79,83.59,28.27,2.13,55.03
157,Bundaberg,AU,1563567324,0,87,152.35,-24.87,6.93,48.99
158,Madinat Sittah Uktubar,EG,1563567324,0,65,31.05,29.82,13.87,82.4
159,Ocala,US,1563567134,40,62,-82.14,29.19,11.41,97.0
160,Gazli,UZ,1563567325,0,15,63.45,40.13,14.23,91.57
161,Catuday,PH,1563567325,100,76,119.81,16.29,13.82,84.37
162,Saint-Philippe,CA,1563567325,40,55,-73.48,45.36,5.82,91.99
163,Doha,QA,1563567289,0,84,51.53,25.29,8.05,93.2
164,Mar del Plata,AR,1563567326,0,43,-67.52,-46.43,21.36,43.69
165,Atar,MR,1563567326,0,15,-13.05,20.52,7.78,96.61
166,Shimanovsk,RU,1563567326,100,96,127.67,52.0,7.36,66.91
167,Cherskiy,RU,1563567326,100,79,161.3,68.75,9.4,39.55
168,Richards Bay,ZA,1563567327,35,78,32.06,-28.77,24.94,69.25
169,Isangel,VU,1563567327,75,73,169.27,-19.55,5.82,71.6
170,Alofi,NU,1563567327,75,100,-169.92,-19.06,8.05,75.2
171,Port Moresby,PG,1563567327,78,83,147.16,-9.47,23.09,75.55
172,Puerto Escondido,MX,1563567278,41,52,-97.07,15.86,8.34,89.77
173,East London,ZA,1563567328,0,58,27.91,-33.02,23.04,55.4
174,Daru,PG,1563567328,95,85,143.21,-9.07,8.55,73.03
175,Hilo,US,1563567328,75,69,-155.08,19.71,16.96,82.99
176,Celestun,MX,1563567328,19,73,-90.4,20.87,18.84,82.39
177,ChengDe,CN,1563567329,85,83,117.93,40.97,1.99,69.07
178,Namatanai,PG,1563567329,63,82,152.44,-3.66,15.43,80.05
179,Daman,IN,1563567329,0,80,72.83,20.42,13.78,84.01
180,Neiafu,TO,1563567329,40,94,-173.98,-18.65,5.82,77.0
181,Tadine,NC,1563567329,47,69,167.88,-21.55,8.57,69.43
182,Santa Quiteria,ES,1563567330,0,51,-1.69,37.67,1.52,81.0
183,Nyurba,RU,1563567330,0,69,118.35,63.29,6.17,48.55
184,Mehamn,NO,1563567330,40,87,27.85,71.03,9.17,57.2
185,Lagoa,PT,1563567330,0,78,-8.45,37.14,10.29,79.0
186,Culebra,PA,1563567330,93,46,-82.53,9.3,3.0,64.99
187,Am Timan,TD,1563567331,95,78,20.28,11.04,6.42,75.01
188,Kaeo,NZ,1563567331,3,95,173.78,-35.1,7.0,46.99
189,Ayan,IR,1563567331,0,32,44.7,38.23,4.23,59.35
190,Buraydah,SA,1563567331,0,27,43.97,26.33,8.05,91.4
191,Torbay,CA,1563567332,40,43,-52.73,47.66,27.51,73.99
192,Onokhoy,RU,1563567332,20,72,108.05,51.92,2.24,68.0
193,Lavrentiya,RU,1563567332,100,74,-170.99,65.58,7.74,55.57
194,Warrnambool,AU,1563567332,100,88,142.48,-38.38,1.99,51.01
195,Banjar,ID,1563567332,99,96,108.54,-7.37,0.2,71.05
196,Moses Lake,US,1563567333,1,23,-119.28,47.13,8.05,75.2
197,Sokolovo,BA,1563567333,0,82,16.86,44.62,2.24,66.2
198,Geraldton,CA,1563567223,40,44,-86.95,49.72,13.87,80.6
199,Yar-Sale,RU,1563567333,97,76,70.83,66.83,7.23,67.27
200,Venkatagiri,IN,1563567334,59,71,79.58,13.96,3.71,81.67
201,Riberalta,BO,1563567334,40,52,-66.08,-11.0,2.28,91.4
202,Inuvik,CA,1563567334,90,87,-133.71,68.36,6.93,64.4
203,Galveston,US,1563567086,75,56,-86.19,40.58,20.8,93.99
204,Buala,SB,1563567334,100,83,159.59,-8.15,8.12,79.33
205,Port Hardy,CA,1563567335,75,87,-127.42,50.7,4.7,55.4
206,Moussoro,TD,1563567335,89,62,16.49,13.64,13.09,82.57
207,Burnie,AU,1563567335,100,94,145.91,-41.05,4.0,48.0
208,Karratha,AU,1563567335,0,55,116.85,-20.74,17.65,64.03
209,Westport,US,1563567336,1,66,-73.36,41.14,10.29,90.0
210,Oistins,BB,1563567336,20,70,-59.53,13.07,16.11,86.0
211,Talnakh,RU,1563567336,0,54,88.39,69.49,8.95,59.0
212,Tuktoyaktuk,CA,1563567336,90,93,-133.03,69.44,14.99,51.8
213,Miri,NG,1563567337,100,92,9.75,10.31,3.89,70.69
214,Broome,GB,1563567337,75,93,1.45,52.47,10.29,64.99
215,Qujing,CN,1563567337,100,88,103.8,25.49,0.49,64.75
216,Jaguey Grande,CU,1563567256,75,70,-81.13,22.53,9.17,89.6
217,Boende,CD,1563567337,0,72,20.88,-0.28,3.4,75.19
218,Ndungu,TZ,1563567337,0,83,38.06,-4.38,1.23,60.79
219,Longyearbyen,NO,1563567338,75,75,15.63,78.22,4.7,46.4
220,Belyy Yar,RU,1563567338,40,88,91.39,53.6,11.18,62.6
221,Flinders,AU,1563567338,0,75,150.85,-34.58,13.87,46.99
222,Clyde River,CA,1563567338,75,93,-68.59,70.47,14.99,41.0
223,Polovinnoye,RU,1563567339,34,72,65.99,54.79,4.81,67.63
224,Sawtell,AU,1563567339,0,93,153.1,-30.38,4.7,42.8
225,Jhelum,PK,1563567339,0,51,73.72,32.94,2.04,89.23
226,Kodiak,US,1563567339,1,20,-94.76,39.95,16.11,97.0
227,Corner Brook,CA,1563567340,20,46,-57.95,48.95,12.75,71.6
228,Mokhsogollokh,RU,1563567340,22,59,128.95,61.4,5.08,45.85
229,Aswan,EG,1563567340,0,11,32.9,24.09,11.41,104.0
230,Puerto Baquerizo Moreno,EC,1563567340,40,83,-89.6,-0.9,16.11,73.4
231,Bazarnyye Mataki,RU,1563567341,0,90,49.93,54.9,6.13,61.51
232,Kabinda,CD,1563567341,0,28,24.49,-6.14,2.24,71.59
233,Kerchevskiy,RU,1563567065,84,89,56.29,59.95,4.72,55.21
234,Havoysund,NO,1563567341,0,76,24.66,71.0,12.75,64.4
235,Huarmey,PE,1563567342,2,83,-78.15,-10.07,11.27,62.23
236,Garden City,US,1563567342,1,18,-116.24,43.62,12.75,75.99
237,Ahipara,NZ,1563567342,2,74,173.16,-35.17,18.88,58.09
238,Isetskoye,RU,1563567342,2,90,65.32,56.49,7.92,64.03
239,Nha Trang,VN,1563567342,20,74,109.19,12.24,6.93,86.0
240,Alyangula,AU,1563567343,0,93,136.42,-13.85,10.63,59.0
241,Ishigaki,JP,1563567343,100,86,124.16,24.34,0.11,81.49
242,Samarai,PG,1563567343,100,88,150.67,-10.62,5.77,71.41
243,Carauari,BR,1563567343,80,58,-66.9,-4.88,1.83,86.53
244,Boa Vista,BR,1563567063,75,58,-60.67,2.82,6.93,86.0
245,Sinnamary,GF,1563567344,18,79,-52.96,5.38,12.08,81.31
246,Caravelas,BR,1563567344,0,77,-39.27,-17.73,13.91,70.51
247,Hamilton,CA,1563567252,90,94,-79.87,43.26,5.82,87.01
248,Tanout,NE,1563567344,100,42,8.88,14.97,17.27,89.05
249,Mount Gambier,AU,1563567344,62,76,140.78,-37.83,14.99,48.2
250,Santa Barbara,US,1563567345,40,60,-119.7,34.42,10.29,79.0
251,Ligayan,PH,1563567345,0,81,119.47,4.65,6.38,81.49
252,Sire,ET,1563567345,56,83,39.49,8.28,5.61,62.59
253,Nalut,LY,1563567345,0,53,10.98,31.86,18.21,73.57
254,Grindavik,IS,1563567345,20,76,-22.43,63.84,14.99,60.8
255,Fairbanks,US,1563567061,75,55,-147.72,64.84,11.41,66.2
256,Fortuna,ES,1563567346,0,74,-1.13,38.18,10.29,80.01
257,Rawson,AR,1563567346,100,33,-65.11,-43.3,30.51,47.65
258,Luanda,AO,1563567181,0,88,13.24,-8.83,2.24,69.8
259,Mana,NG,1563567346,93,54,5.27,13.03,11.88,86.71
260,Tumut,AU,1563567347,1,96,148.22,-35.3,2.91,35.95
261,Qasigiannguit,GL,1563567347,75,81,-51.19,68.82,3.36,50.0
262,Mamallapuram,IN,1563567347,75,83,80.17,12.63,9.17,80.6
263,Baykit,RU,1563567348,0,70,96.39,61.68,7.49,47.65
264,Luba,PH,1563567348,100,92,120.7,17.32,4.14,73.39
265,Methoni,GR,1563567348,20,64,21.7,36.82,8.05,73.4
266,Sayanogorsk,RU,1563567348,93,89,91.41,53.09,6.6,55.93
267,Chumikan,RU,1563567349,100,82,135.31,54.72,2.37,56.47
268,Sao Joao da Barra,BR,1563567164,75,64,-41.05,-21.64,11.41,73.4
269,Oga,IT,1563567349,0,82,10.35,46.46,5.82,60.8
270,Dashitou,CN,1563567349,0,92,128.5,43.3,4.09,63.67
271,Bandarbeyla,SO,1563567349,41,65,50.81,9.49,26.19,77.53
272,Chapais,CA,1563567350,90,61,-74.86,49.78,17.22,77.0
273,Mayo,CA,1563567350,75,44,-135.9,63.59,4.7,75.2
274,Nioro,GM,1563567350,61,60,-15.05,13.79,15.82,80.95
275,Kisangani,CD,1563567350,37,83,25.21,0.52,3.04,73.39
276,Saint-Francois,FR,1563567350,0,44,3.91,46.42,3.36,78.8
277,Portland,US,1563567351,1,61,-70.25,43.66,8.05,91.0
278,Ulladulla,AU,1563567351,7,75,150.48,-35.36,13.87,46.4
279,Vardo,US,1563567351,1,44,-77.74,39.62,10.29,98.01
280,Ghanzi,BW,1563567351,0,20,21.65,-21.7,4.65,56.65
281,Almaznyy,RU,1563567352,0,49,40.04,48.03,6.71,69.8
282,Saint George,GR,1563567303,40,64,22.34,39.45,1.48,73.4
283,Oranjestad,AW,1563567290,75,70,-70.03,12.52,21.92,87.8
284,Kavaratti,IN,1563567352,100,82,72.64,10.57,23.53,80.05
285,Viareggio,IT,1563567352,0,73,10.25,43.87,1.12,78.01
286,Alice Springs,AU,1563567132,3,32,133.88,-23.7,1.12,53.6
287,Yarada,IN,1563567353,75,94,83.27,17.65,2.24,80.6
288,Sola,TZ,1563567353,67,43,33.8,-3.17,4.68,72.31
289,Brownwood,US,1563567232,1,30,-98.99,31.71,19.46,100.99
290,Lodwar,KE,1563567353,0,42,35.6,3.12,9.8,83.29
291,Kindu,CD,1563567354,7,54,25.92,-2.95,1.9,75.91
292,Northam,AU,1563567354,75,87,116.67,-31.65,2.24,50.0
293,Maragogi,BR,1563567354,62,92,-35.22,-9.01,7.96,71.77
294,Oleksandrivka,UA,1563567354,0,73,32.24,48.97,4.65,61.51
295,Santa Luzia,BR,1563567354,75,48,-43.85,-19.77,9.17,68.0
296,Akcaabat,TR,1563567355,75,69,39.57,41.02,5.82,75.2
297,Bayan,CN,1563567355,0,82,102.26,36.1,0.92,49.27
298,Chisinau,MD,1563567355,0,73,28.86,47.01,4.7,69.8
299,Tommot,RU,1563567355,16,75,126.27,58.97,3.27,46.21
300,Casper,US,1563567356,1,11,-106.31,42.87,18.34,96.8
301,Santa Rosa,AR,1563567356,65,37,-64.29,-36.62,8.55,57.91
302,Itoman,JP,1563567356,75,83,127.67,26.12,24.16,84.2
303,Mosquera,CO,1563567356,40,55,-74.23,4.71,11.41,64.4
304,Pangnirtung,CA,1563567326,90,100,-65.72,66.15,3.36,48.2
305,Munster,US,1563567088,75,59,-87.51,41.56,11.41,95.0
306,La Ronge,CA,1563567357,75,56,-105.3,55.1,11.41,73.4
307,Noyabrsk,RU,1563567357,13,67,75.45,63.2,5.21,68.53
308,Makakilo City,US,1563567357,90,83,-158.09,21.35,6.93,87.01
309,Syava,RU,1563567357,6,95,46.32,58.01,4.14,57.01
310,Ailigandi,PA,1563567357,95,83,-78.02,9.23,10.25,82.57
311,Souillac,FR,1563567358,0,47,-0.6,45.6,2.24,80.6
312,Harper,US,1563567358,1,44,-99.24,30.3,18.34,95.0
313,Trinidad,BO,1563567358,40,52,-64.9,-14.83,5.82,89.6
314,Birao,CF,1563567359,33,84,22.78,10.3,6.55,73.21
315,Antofagasta,CL,1563567359,20,67,-70.4,-23.65,9.17,59.0
316,Santa Maria,BR,1563567359,0,38,-48.01,-16.02,11.41,75.2
317,Ikom,NG,1563567359,100,98,8.72,5.96,2.71,71.95
318,Buchanan,LR,1563567359,75,88,-10.05,5.88,5.82,78.8
319,Roald,NO,1563567360,40,87,6.12,62.58,9.17,59.0
320,Iqaluit,CA,1563567360,75,76,-68.52,63.75,10.29,51.8
321,Hambantota,LK,1563567360,100,73,81.12,6.12,29.68,82.21
322,Kyenjojo,UG,1563567360,61,81,30.64,0.61,1.28,64.93
323,Kualakapuas,ID,1563567360,99,98,114.39,-3.01,1.97,73.39
324,Fenyi,CN,1563567361,0,95,114.69,27.82,1.01,76.99
325,Ketchikan,US,1563567304,90,82,-131.65,55.34,11.41,60.8
326,Shelburne,CA,1563567307,1,65,-80.2,44.08,4.7,87.01
327,Awbari,LY,1563567361,0,17,12.77,26.59,10.69,86.35
328,Ubinskoye,RU,1563567361,0,94,79.68,55.31,4.29,60.07
329,Cabo San Lucas,MX,1563567362,40,49,-109.91,22.89,8.05,91.4
330,French Harbor,HN,1563567082,20,79,-86.43,16.35,17.22,86.0
331,Bourail,NC,1563567362,38,83,165.5,-21.57,1.81,60.07
332,Bauta,CU,1563567362,40,52,-82.55,22.98,9.17,91.4
333,Matagami,NG,1563567363,99,97,8.4,9.67,1.77,67.45
334,Hammerfest,NO,1563567363,0,59,23.68,70.66,11.41,64.4
335,Solnechnyy,RU,1563567363,98,96,136.64,50.72,0.69,66.37
336,Saint-Augustin,CA,1563567363,75,66,-73.98,45.63,10.29,91.99
337,Pyu,MM,1563567364,100,97,96.43,18.48,2.55,72.85
338,Douglas,US,1563567364,90,93,-134.39,58.28,13.87,59.0
339,Constantine,DZ,1563567364,20,39,6.61,36.36,8.05,78.8
340,Puerto Colombia,CO,1563567364,20,66,-74.96,10.99,14.99,89.6
341,Camiri,BO,1563567365,40,50,-63.52,-20.04,10.58,78.8
342,Pisco,PE,1563567365,90,30,-76.2,-13.71,4.7,71.6
343,Delta,US,1563567303,1,10,-108.07,38.74,6.93,98.6
344,Ostrovnoy,RU,1563567366,51,98,39.51,68.05,6.38,40.27
345,Ahar,IR,1563567366,0,63,47.07,38.48,5.44,64.03
346,Tilichiki,RU,1563567366,100,99,166.1,60.47,4.23,53.23
347,Nishihara,JP,1563567366,75,94,139.53,35.74,1.12,82.0
348,Namibe,AO,1563567367,98,87,12.15,-15.19,3.44,69.25
349,Russell,US,1563567367,1,29,-98.86,38.9,24.16,104.0
350,Baghdad,IQ,1563567367,0,30,44.38,33.3,16.11,93.2
351,Quartucciu,IT,1563567368,0,78,9.18,39.25,1.12,78.8
352,Cockburn Town,TC,1563567368,75,70,-71.14,21.46,13.87,86.0
353,Nazilli,TR,1563567368,2,58,28.32,37.91,1.01,67.81
354,Selimbar,RO,1563567368,0,88,24.2,45.77,1.12,64.4
355,Adeje,NG,1563567368,100,90,5.76,5.68,4.54,75.73
356,Digha,IN,1563567369,88,82,87.51,21.62,14.07,84.73
357,Chicama,PE,1563567369,75,72,-79.15,-7.84,8.05,66.2
358,Kununurra,AU,1563567369,0,76,128.74,-15.77,3.62,53.6
359,Mach,PK,1563567369,0,69,67.33,29.87,4.74,72.31
360,Port Blair,IN,1563567370,100,84,92.75,11.67,14.23,81.67
361,Petropavlovsk-Kamchatskiy,RU,1563567165,60,88,158.65,53.05,2.24,62.6
362,Shitanjing,CN,1563567370,64,42,106.34,39.23,3.0,72.0
363,Barranca,PE,1563567370,0,83,-77.76,-10.75,10.92,62.05
364,Demba,CD,1563567370,0,29,22.27,-5.47,2.28,71.59
365,Gornopravdinsk,RU,1563567371,100,76,69.92,60.06,2.91,61.15
366,Batemans Bay,AU,1563567077,0,93,150.18,-35.71,2.71,34.0
367,Norman Wells,CA,1563567371,75,60,-126.83,65.28,3.36,73.4
368,Pokhara,NP,1563567371,0,79,83.99,28.21,2.13,55.03
369,Naantali,FI,1563567371,0,55,22.03,60.45,4.7,69.01
370,Lumeje,AO,1563567372,13,30,20.78,-11.56,5.28,59.71
371,Naze,NG,1563567372,100,97,7.07,5.43,3.06,72.31
372,Ivanjica,RS,1563567372,0,82,20.23,43.58,1.12,68.0
373,Sidrolandia,BR,1563567372,0,50,-54.96,-20.93,11.41,78.8
374,Iwanai,JP,1563567373,53,94,140.51,42.97,4.18,65.29
375,Sisimiut,GL,1563567373,100,91,-53.67,66.94,12.17,41.71
376,Youhao,CN,1563567373,94,89,128.84,47.86,2.53,64.39
377,Ribeira Grande,PT,1563567373,40,83,-28.7,38.52,11.41,75.2
378,Alekseyevsk,RU,1563567374,0,56,108.35,57.84,12.59,53.41
379,Tahe,CN,1563567374,100,98,124.71,52.34,2.13,62.77
380,Wanlaweyn,SO,1563567374,65,80,44.89,2.62,15.57,74.29
381,Nakskov,DK,1563567374,100,84,11.13,54.84,12.62,69.01
382,Usinsk,RU,1563567375,88,95,57.56,66.0,8.43,52.33
383,Umm Kaddadah,SD,1563567375,26,33,26.69,13.6,5.7,91.03
384,Cairns,AU,1563567375,0,82,145.77,-16.92,11.41,55.4
385,Pacifica,US,1563567375,20,53,-122.49,37.61,6.93,75.2
386,Altamira,BR,1563567375,40,55,-52.21,-3.2,5.82,89.6
387,Swellendam,ZA,1563567376,33,81,20.44,-34.02,8.05,48.2
388,Kysyl-Syr,RU,1563567376,0,56,122.77,63.9,5.79,46.57
389,Mumbwa,ZM,1563567376,8,47,27.06,-14.99,4.5,53.95
390,Islamkot,PK,1563567376,0,61,70.18,24.7,14.23,84.37
391,Charlottesville,US,1563567184,1,39,-78.48,38.03,6.93,99.0
392,Silvan,TR,1563567377,0,53,41.01,38.14,2.24,77.0
393,Gold Coast,AU,1563567285,0,93,153.41,-28.0,4.7,46.99
394,Merritt,CA,1563567237,20,45,-120.79,50.11,12.75,68.0
395,Whitehorse,CA,1563567296,75,63,-135.06,60.72,5.82,70.0
396,Lacdayan,PH,1563567377,100,89,122.53,13.6,6.38,78.61
397,Sisophon,KH,1563567378,80,96,102.97,13.59,1.88,74.47
398,Montalban,PH,1563567378,93,81,124.88,12.17,3.2,80.23
399,Aksu,KZ,1563567378,90,68,76.93,52.04,6.71,69.8
400,Merin,NG,1563567378,100,97,3.99,7.55,4.54,72.49
401,Strezhevoy,RU,1563567379,0,93,77.6,60.73,0.94,64.4
402,Mount Isa,AU,1563567379,0,59,139.49,-20.73,10.89,37.4
403,Tabou,CI,1563567379,100,90,-7.36,4.42,7.0,75.37
404,Wilkie,CA,1563567379,75,77,-108.71,52.41,4.7,64.4
405,Takoradi,GH,1563567380,96,91,-1.75,4.89,3.53,74.47
406,Nantucket,US,1563567380,1,83,-70.1,41.28,12.75,82.4
407,Half Moon Bay,US,1563567380,5,60,-122.43,37.46,8.05,84.2
408,Muisne,EC,1563567380,75,74,-80.02,0.61,6.93,84.2
409,Walvis Bay,NA,1563567380,0,56,14.51,-22.95,3.36,69.8
410,Fernley,US,1563567357,20,19,-119.25,39.61,3.78,90.0
411,Denpasar,ID,1563567330,69,93,115.22,-8.65,6.46,71.59
412,College,US,1563567381,75,55,-147.8,64.86,12.75,66.99
413,Chiredzi,ZW,1563567381,0,20,31.67,-21.05,5.88,62.59
414,Aksarka,RU,1563567381,100,80,67.8,66.56,3.13,62.05
415,Molteno,ZA,1563567382,97,69,26.36,-31.4,10.76,42.79
416,Nuuk,GL,1563567382,75,76,-51.74,64.17,6.93,50.0
417,Sept-Iles,CA,1563567382,90,59,-66.38,50.2,6.93,64.4
418,Lauf,DE,1563567382,0,77,8.13,48.65,3.36,73.99
419,Cururupu,BR,1563567383,90,73,-44.87,-1.82,2.75,77.89
420,Outlook,CA,1563567085,100,77,-107.04,51.48,11.99,60.01
421,Haines Junction,CA,1563567383,68,56,-137.51,60.75,8.21,63.85
422,Edd,ER,1563567383,0,59,41.69,13.93,4.76,87.97
423,Dawson Creek,CA,1563567383,90,77,-120.23,55.76,8.05,62.6
424,Alta Floresta,BR,1563567384,20,30,-56.08,-9.87,6.93,95.0
425,Guerrero Negro,MX,1563567384,0,90,-114.04,27.97,18.28,64.39
426,Bhadrachalam,IN,1563567384,100,89,80.89,17.67,1.92,78.25
427,Mollendo,PE,1563567384,100,81,-72.02,-17.03,5.86,59.35
428,Kerema,PG,1563567384,99,85,145.78,-7.96,18.54,76.99
429,Elk City,US,1563567385,1,44,-99.4,35.41,17.22,100.4
430,Kunzelsau,DE,1563567385,40,82,9.69,49.28,2.82,69.01
431,Labuhan,ID,1563567385,0,91,115.51,-2.54,1.16,71.77
432,Zhob,PK,1563567385,0,65,69.45,31.34,3.98,72.13
433,Antalaha,MG,1563567386,13,98,50.28,-14.9,4.47,61.69
434,Gizo,IL,1563567386,20,69,34.94,31.8,5.82,80.01
435,Margate,AU,1563567386,20,81,147.26,-43.03,12.75,43.0
436,Rehoboth,NA,1563567386,0,47,17.08,-23.31,3.78,44.77
437,Palana,RU,1563567386,100,96,159.95,59.08,16.53,53.23
438,Butterworth,MY,1563567387,75,83,100.37,5.4,2.24,82.4
439,Arlit,NE,1563567387,32,18,7.39,18.74,14.81,96.97
440,The Valley,AI,1563567383,20,70,-63.06,18.22,11.41,86.0
441,Cedral,MX,1563567388,0,27,-100.72,23.82,15.59,81.85
442,Laguna,BZ,1563567388,75,70,-88.94,16.17,6.93,86.0
443,Ambulu,ID,1563567388,69,93,113.61,-8.35,2.86,73.39
444,Kutum,SD,1563567388,32,42,24.66,14.2,3.36,82.57
445,Road Town,VG,1563567389,20,83,-64.62,18.42,11.41,84.2
446,Sinazongwe,ZM,1563567389,1,35,27.46,-17.26,4.92,58.81
447,Pedernales,EC,1563567389,87,84,-80.05,0.07,10.92,73.57
448,Dillon,US,1563567389,1,31,-112.64,45.22,8.05,80.01
449,Los Llanos de Aridane,ES,1563567389,20,69,-17.92,28.66,17.22,73.4
450,Aklavik,CA,1563567390,75,72,-135.01,68.22,8.05,64.4
451,San Vicente,EC,1563567390,75,83,-80.41,-0.59,11.41,77.0
452,Tongliao,CN,1563567390,96,55,122.27,43.61,13.49,75.37
453,Dandong,CN,1563567390,7,77,124.37,40.12,4.56,71.41
454,Gamba,CN,1563567391,37,72,88.52,28.28,0.85,39.91
455,Orumiyeh,IR,1563567391,0,40,45.08,37.55,6.93,68.0
456,Pagudpud,PH,1563567391,94,78,120.79,18.56,19.8,83.29
457,Aktau,KZ,1563567391,0,51,51.16,43.65,6.71,80.6
458,Champerico,MX,1563567392,75,38,-93.6,16.38,3.36,87.8
459,Taree,AU,1563567392,0,75,152.46,-31.91,3.36,41.0
460,Atambua,ID,1563567392,0,73,124.89,-9.11,11.01,76.27
461,Egvekinot,RU,1563567273,100,96,-179.17,66.32,9.44,47.11
462,Cortez,US,1563567392,1,16,-108.58,37.35,16.11,91.4
463,Bud,NO,1563567392,40,87,6.91,62.91,6.93,59.0
464,Bathsheba,BB,1563567393,20,70,-59.52,13.22,16.11,86.0
465,Wajima,JP,1563567393,100,88,136.9,37.4,6.64,75.01
466,Senanga,ZM,1563567393,14,31,23.3,-16.1,3.69,54.31
467,Lincoln,GB,1563567383,100,93,-0.54,53.23,13.87,66.2
468,Katangli,RU,1563567394,100,90,143.23,51.71,5.77,64.03
469,Yatou,CM,1563567394,40,88,9.81,3.63,2.24,78.8
470,Esik,KZ,1563567394,75,38,77.47,43.36,4.47,73.4
471,San Antonio,CL,1563567394,0,48,-71.61,-33.58,4.7,66.2
472,Prado,CO,1563567394,0,28,-74.93,3.75,15.21,97.87
473,Tautira,PF,1563567395,20,61,-149.15,-17.73,4.7,80.6
474,Kieta,PG,1563567395,100,74,155.63,-6.22,7.7,81.49
475,Saint-Joseph,FR,1563567395,0,78,6.97,43.56,2.24,77.0
476,Tamandare,BR,1563567395,89,58,-70.75,-8.28,1.03,85.45
477,Lima,PE,1563567396,90,82,-77.04,-12.06,5.82,62.6
478,Toshkivka,UA,1563567396,0,65,38.58,48.78,4.72,66.55
479,Flin Flon,CA,1563567209,90,82,-101.88,54.77,10.29,64.4
480,Hovelhof,DE,1563567396,0,63,8.65,51.82,2.24,69.8
481,Leopoldsburg,BE,1563567396,90,49,5.26,51.12,5.82,73.4
482,Quimperle,FR,1563567397,90,88,-3.55,47.87,10.29,68.0
483,Salinopolis,BR,1563567397,92,75,-47.36,-0.61,20.87,82.75
484,Kalmar,SE,1563567397,54,93,16.36,56.66,9.17,62.6
485,Teguise,ES,1563567397,75,78,-13.56,29.06,19.46,73.4
486,Blackwater,GB,1563567397,75,88,-0.78,51.33,12.75,66.2
487,Nyanguge,TZ,1563567398,20,69,33.2,-2.54,3.18,73.4
488,Rabo de Peixe,PT,1563567398,40,88,-25.58,37.8,12.75,73.4
489,Murmashi,RU,1563567398,0,82,32.82,68.82,2.24,57.2
490,Kropotkin,RU,1563567398,0,92,40.58,45.43,4.5,64.39
491,Kharabali,RU,1563567399,40,50,47.25,47.41,7.92,75.91
492,Taiobeiras,BR,1563567399,26,67,-42.23,-15.81,6.22,59.53
493,Hargeysa,SO,1563567399,27,56,44.06,9.56,22.44,71.95
494,Fort Nelson,CA,1563567399,75,72,-122.69,58.81,1.81,68.0
495,Elizabeth City,US,1563567226,20,56,-76.22,36.3,9.17,96.01
496,Lugovoy,RU,1563567400,3,85,65.88,59.72,4.23,63.85
497,Atchison,US,1563567400,1,56,-95.12,39.56,16.11,97.0
498,Sechura,PE,1563567400,38,88,-80.82,-5.56,16.93,62.59
499,Dedovichi,RU,1563567400,90,97,29.95,57.55,9.33,57.73
500,Placido de Castro,BR,1563567401,34,43,-67.19,-10.34,1.95,89.77
501,Chegdomyn,RU,1563567401,82,86,133.04,51.13,1.95,64.57
502,Olga,US,1563567401,1,44,-118.17,34.11,11.41,84.0
503,Nome,US,1563567401,20,56,-94.42,30.04,12.75,95.0
504,Southbridge,US,1563567402,75,55,-72.03,42.08,11.41,91.4
505,Ngunguru,NZ,1563567402,16,95,174.5,-35.62,7.0,46.99
506,Urengoy,RU,1563567402,56,51,78.37,65.96,10.85,70.51
507,Uitenhage,ZA,1563567403,75,87,25.4,-33.77,18.34,50.0
508,Kichera,RU,1563567403,42,92,110.1,55.93,5.06,55.39
509,Zaysan,KZ,1563567403,100,55,84.87,47.47,6.78,63.49
510,Stepnyak,KZ,1563567403,0,65,70.79,52.83,1.79,62.59
511,Ulkan,RU,1563567404,0,60,107.32,57.24,8.7,51.97
512,Skjervoy,NO,1563567404,0,59,20.97,70.03,1.12,62.6
513,Smithers,CA,1563567404,90,82,-127.17,54.78,3.36,55.4
514,Pauini,BR,1563567404,90,49,-67.0,-7.71,1.3,89.23
515,La Libertad,PE,1563567405,0,14,-71.56,-16.38,11.41,69.8
516,Lata,IN,1563567405,0,83,78.62,30.78,2.95,40.63
517,Marau,BR,1563567405,75,56,-52.2,-28.45,10.29,68.0
518,Codrington,AU,1563567405,0,93,153.24,-28.95,8.05,55.99
519,Atbasar,KZ,1563567406,68,53,68.36,51.81,0.76,72.31
520,Honiara,SB,1563567406,20,100,159.96,-9.43,5.35,73.4
521,Sao Jose da Coroa Grande,BR,1563567406,62,92,-35.15,-8.9,7.96,71.77
522,Auburn,US,1563567406,1,61,-70.23,44.1,10.29,91.0
523,Otjiwarongo,NA,1563567406,0,17,16.65,-20.46,8.37,55.93
524,Telimele,GN,1563567375,100,98,-13.03,10.9,3.27,71.23
525,Bunia,CD,1563567407,0,90,30.25,1.56,1.21,64.57
526,Sundumbili,ZA,1563567376,75,77,31.4,-29.13,16.11,66.2
527,Inirida,CO,1563567407,50,93,-67.92,3.87,3.27,81.31
528,Hare Bay,CA,1563567407,20,49,-53.99,48.86,14.99,71.6
529,Belmonte,PT,1563567407,0,54,-7.35,40.36,3.0,70.0
530,Togur,RU,1563567408,20,96,82.83,58.36,7.4,63.13
531,Burgeo,CA,1563567408,99,86,-57.61,47.61,18.54,58.09
532,Ostersund,SE,1563567408,63,67,14.64,63.18,10.29,62.6
533,Hokitika,NZ,1563567408,100,75,170.96,-42.72,4.0,49.27
534,Paraiso,BR,1563567409,40,55,-51.17,-0.03,9.17,91.4
535,Oranjemund,ZA,1563567409,0,85,16.43,-28.55,19.66,55.57
